1
2
3
4
5
6
7
2688
3549
3557
3573
6140
6429
6471
6505
6535
6762
7004
7046
7049
7418
7867
7993
8075
10191
10778
11340
13381
13424
13774
14117
14259
14551
14560
14708
14966
15208
15311
16471
16629
16742
16780
16849
16874
16921
16990
17126
17147
18492
18747
18822
18941
19077
19226
19228
19338
19411
20015
20191
20256
20940
21342
21753
21765
21838
21862
22047
22356
22661
22860
22975
23140
23416
25718
26048
26228
26604
26610
27651
27659
27676
27677
27680
27732
27735
27746
27838
27849
27853
27856
27874
27880
27888
27897
27899
27901
27904
27909
27918
27925
27943
27946
27952
27962
27963
27965
27979
27986
27995
28044
28047
28059
28077
28091
28096
28099
28106
28116
28120
33075
36408
40703
51964
52226
52230
52246
52248
52252
52267
52270
52280
52313
52315
52341
52353
52368
52396
52407
52411
52439
52441
52452
52460
52479
52497
61440
64514
64516
64522
64523
64600
64817
64818
64819
64842
64846
64847
64850
64854
64871
64872
64877
64878
64910
65032
65048
65100
65248
65500
65528
65532
198412
262155
262167
262224
262233
262237
262256
262589
263173
263237
263249
